	seq_1	seq_2	seq_3	seq_4	seq_5	seq_6	seq_7	seq_8	seq_9	seq_10
seq_1	0	-49	-47	-39	-39	-38	-131	84	-42	-45	 
seq_2	-49	0	35	72	61	-55	-139	-43	42	52	
seq_3	-47	35	0	41	 112	-47	-134	-40	42	147	
seq_4	-39	72	41	0	66	-49	-133	-33	78	59	
seq_5	-39	61	112	66	0	-43	-133	-38	52	132	
seq_6	-38	-55	-47	-49	-43	0	-145	-33	-53	-44	
seq_7	-131	-139	-134	-133	-133	-145	0	-123	-135	-146	
seq_8	84	-43	-40	-33	-38	-33	-123	0	-29	-46	
seq_9	-42	42	42	78	52	-53	-135	-29	0	52	
seq_10	-45	52	147	59	132	-44	-146	-46	52	0	 
